Area,0-2 years,3-6 years,7-12 years,13-15 years,16-17 years,18-19 years,20-24 years,25-29 years,30-34 years,35-39 years,40-44 years,45-49 years,50-54 years,55-59 years,60-64 years,65-69 years,70-74 years,75-79 years,80-84 years,85 years or overWHOLE COUNTRY,0.027621645,0.042863622,0.06755427,0.03256028,0.02115562,0.02180351,0.05806102,0.06431265,0.06350148,0.06447195,0.062046036,0.057191487,0.06606639,0.06673404,0.06570611,0.06564214,0.059924766,0.037923537,0.028106429,0.026753021MK01 Uusimaa,0.030495672,0.045099292,0.06898405,0.03227841,0.020733394,0.021307893,0.05929059,0.075942054,0.07586486,0.07517187,0.07066087,0.062218137,0.068775795,0.06327976,0.056263704,0.052932214,0.050628837,0.03060339,0.020602936,0.018866276Askola,0.029850746,0.055465914,0.087333605,0.044171035,0.02722872,0.021379588,0.034086324,0.043565955,0.054659136,0.063533686,0.07462686,0.061113354,0.07583703,0.07079467,0.06575232,0.065147236,0.05344897,0.030859217,0.021581283,0.01956434Espoo,0.034960795,0.05317806,0.07991693,0.036501523,0.022860609,0.022779517,0.060895808,0.071596295,0.0752877,0.07957847,0.074515566,0.06513722,0.06733373,0.058815647,0.04986391,0.04522057,0.044349723,0.026068991,0.016740002,0.01439894Hanko,0.019453395,0.028404344,0.058956917,0.030433226,0.020408163,0.01933405,0.03210407,0.034490988,0.042367823,0.051318772,0.05621196,0.06743048,0.07172693,0.07411385,0.07996181,0.08855472,0.10144409,0.059672993,0.036877908,0.0267335Helsinki,0.029873064,0.040799826,0.055726327,0.024905793,0.016162533,0.018146971,0.06807121,0.09823746,0.09232889,0.08180643,0.069290265,0.056271043,0.06417794,0.060488362,0.053504247,0.04963413,0.048654255,0.030244954,0.020594344,0.021081967Vantaa,0.034233846,0.047158647,0.07163644,0.03306803,0.021545717,0.02245295,0.064624004,0.07776794,0.07867517,0.07743485,0.07139539,0.06328726,0.06871751,0.06160427,0.05324632,0.04860058,0.04581752,0.027374806,0.017960608,0.01339814Hyvinkaa,0.025460176,0.040211596,0.0695209,0.033308964,0.023008773,0.022428177,0.05255462,0.060467917,0.06061844,0.06188715,0.06339239,0.061994668,0.0701015,0.07033803,0.06805866,0.066983484,0.05939274,0.036491483,0.027610527,0.026169792Inga,0.023135295,0.03683139,0.07440311,0.041273367,0.023690542,0.020914307,0.028687766,0.034795485,0.04164353,0.057190448,0.07125671,0.06866556,0.085878216,0.07421803,0.07181196,0.0734777,0.067184895,0.045715343,0.027947437,0.03127892Jarvenpaa,0.03137526,0.046901636,0.07143515,0.034669433,0.02103202,0.025040314,0.0596176,0.06797973,0.06772633,0.070767105,0.06634416,0.058972586,0.069822624,0.067472935,0.06470859,0.058857407,0.05344391,0.028841281,0.019580742,0.015411195Karkkila,0.02255639,0.03907496,0.07302347,0.037707906,0.023581682,0.021531101,0.032809295,0.03691046,0.048074733,0.06071998,0.06915015,0.062087037,0.07302347,0.07120073,0.07473229,0.081681475,0.068694465,0.039530646,0.029961267,0.033948507Kauniainen,0.022880916,0.04274571,0.08403536,0.04628185,0.03099324,0.030889235,0.049609985,0.040561624,0.04222569,0.05231409,0.06957878,0.06801872,0.07966719,0.06729069,0.054914195,0.049817994,0.06032241,0.045657825,0.033697348,0.028497139Kerava,0.029431235,0.04322282,0.0709439,0.032934297,0.021845866,0.023528438,0.06015888,0.069868155,0.068682075,0.068516575,0.06581343,0.05886247,0.06642026,0.06760633,0.0617587,0.061703537,0.05861422,0.032327466,0.021266619,0.016494732Kirkkonummi,0.030232795,0.05099078,0.09036728,0.04464877,0.027660333,0.02534257,0.04143956,0.04520911,0.05346136,0.06792828,0.07877846,0.07750497,0.08117264,0.064820945,0.059013806,0.05483674,0.048800368,0.028322551,0.017345015,0.012123682Lapinjarvi,0.027767355,0.030393995,0.069418386,0.0315197,0.01913696,0.01838649,0.031144464,0.034146342,0.051031895,0.05966229,0.0521576,0.06078799,0.072795495,0.07129456,0.079549715,0.081801124,0.08067542,0.04652908,0.03489681,0.046904314Loviisa,0.020549325,0.035927743,0.060640655,0.030823987,0.021019408,0.01786314,0.03458465,0.04297898,0.048149887,0.053186487,0.05896179,0.06225237,0.07192264,0.07763078,0.08179437,0.0842791,0.08105567,0.047276877,0.033644482,0.03545766Lohja,0.023803351,0.041148264,0.07536288,0.03762744,0.025099361,0.024386557,0.04056506,0.04410748,0.046202697,0.05639796,0.06667963,0.065707624,0.07499568,0.074563675,0.07028685,0.07106446,0.06661483,0.04034906,0.030240193,0.024796959Myrskyla,0.019771071,0.043184184,0.07388137,0.03433923,0.013007284,0.017169615,0.040062435,0.040582728,0.05359001,0.06399584,0.048907388,0.06191467,0.06347555,0.078563996,0.07127991,0.08272633,0.075962536,0.04578564,0.034859523,0.036940686Mantsala,0.029875278,0.051532436,0.09006091,0.04307261,0.027361501,0.026152954,0.037319925,0.04099391,0.052499276,0.065599926,0.07101421,0.070192404,0.073382966,0.07144929,0.064391375,0.061877597,0.05109736,0.03127719,0.021463793,0.019385092Nurmijarvi,0.030305872,0.054377124,0.09269893,0.04645494,0.03002461,0.027165124,0.041157857,0.044298604,0.049642563,0.066729166,0.07603422,0.07383101,0.08123755,0.06761983,0.055127155,0.05264268,0.047673736,0.029954296,0.019196061,0.013828665Pornainen,0.028413575,0.050315708,0.09530387,0.0550513,0.034135755,0.029400159,0.034530386,0.035122335,0.04676401,0.06333859,0.07715075,0.07320442,0.084254146,0.06866614,0.068468824,0.056037884,0.040647198,0.02525651,0.017166534,0.016771901Pukkila,0.025803054,0.043707214,0.07109005,0.037388097,0.02685624,0.019483939,0.04107425,0.03949447,0.037914693,0.048973143,0.06582412,0.07635598,0.0900474,0.08162191,0.066877306,0.06108478,0.06635071,0.043707214,0.029489204,0.02685624Porvoo,0.027296964,0.045382198,0.074310616,0.03784171,0.023874896,0.023596356,0.049699575,0.05200748,0.05513111,0.06030401,0.06788429,0.06826231,0.07257968,0.06931678,0.0649994,0.06394493,0.060403485,0.036886714,0.023874896,0.02240261Raasepori,0.023630038,0.036894754,0.06549,0.033886634,0.020368222,0.019824587,0.04142505,0.048202377,0.05305886,0.05276892,0.060126122,0.06255437,0.07089011,0.07179617,0.072231084,0.072774716,0.07491302,0.0488185,0.034683965,0.03566251Sipoo,0.029081583,0.04713055,0.0866157,0.04113036,0.02777509,0.026033098,0.04577567,0.041952968,0.04567889,0.06493758,0.07572825,0.076550856,0.08768025,0.07069583,0.057195395,0.052453306,0.050227426,0.03135585,0.02129101,0.020710345Siuntio,0.025432019,0.047114443,0.08950114,0.04352788,0.026247147,0.022823606,0.032116074,0.03342028,0.044832084,0.06716661,0.07857841,0.07939354,0.09096837,0.06863385,0.064395174,0.06504728,0.061623737,0.027062276,0.018258885,0.01385719Tuusula,0.025734533,0.047356714,0.08620422,0.044951376,0.029122697,0.023768881,0.038226776,0.04089075,0.05056383,0.06729774,0.08105732,0.075625904,0.08286779,0.07109973,0.06049555,0.057702255,0.053176083,0.030002069,0.018958203,0.014897579Vihti,0.028037382,0.048509125,0.08722741,0.03971107,0.024887884,0.024785183,0.039437197,0.043511007,0.05443155,0.06928897,0.07736812,0.06884393,0.075519495,0.070281744,0.061620623,0.06398275,0.054945055,0.030296806,0.02009517,0.01721954MK02 Southwest Finland,0.025999725,0.04014359,0.06305294,0.030640516,0.020215971,0.021714147,0.063142784,0.06540363,0.061772067,0.06303831,0.06221922,0.057557534,0.06689345,0.06467021,0.06442365,0.06676808,0.063993216,0.039190777,0.029372187,0.029787999Aura,0.03263052,0.052208837,0.082078315,0.04191767,0.027359437,0.022590362,0.035140563,0.047690764,0.056475904,0.07705823,0.07680723,0.06375502,0.06576305,0.0625,0.07003012,0.063253015,0.05170683,0.031626508,0.021084337,0.018323293Kaarina,0.032787375,0.049255785,0.081445396,0.0375396,0.023731245,0.021848287,0.034072567,0.045489866,0.057445154,0.07023731,0.07495965,0.06688983,0.07352502,0.06336302,0.0618985,0.06201805,0.060075317,0.037210833,0.02567398,0.020533206Koski Tl,0.021367522,0.03888889,0.05982906,0.027777778,0.023931624,0.01837607,0.032905985,0.033333335,0.042735044,0.052564103,0.05042735,0.055555556,0.06367522,0.08760684,0.06709402,0.07649573,0.081623934,0.06324787,0.052564103,0.05Kustavi,0.016198704,0.020518359,0.037796978,0.01835853,0.005399568,0.01835853,0.035637148,0.024838014,0.034557234,0.031317495,0.03887689,0.043196544,0.09071274,0.09179266,0.1112311,0.12095033,0.12311015,0.058315333,0.041036718,0.037796978Kimitoon,0.019185008,0.0325699,0.053985722,0.031826295,0.018143961,0.01799524,0.03584176,0.035395596,0.041046996,0.046847116,0.052647233,0.058447354,0.07599643,0.06647829,0.08372992,0.092504464,0.089678764,0.05532421,0.043426532,0.048929207Laitila,0.029027408,0.046374466,0.07089164,0.03330635,0.023938939,0.021625997,0.043251995,0.04995952,0.06036776,0.0587487,0.061986815,0.058864348,0.06314328,0.06892564,0.07297329,0.067422226,0.06372152,0.04024517,0.033421997,0.031802937Lieto,0.031264182,0.05365337,0.0880944,0.04165196,0.026574556,0.022540467,0.033180375,0.04008875,0.05743533,0.074832335,0.073874235,0.06873077,0.078513436,0.06590691,0.05456104,0.05652766,0.055418283,0.032070998,0.02405325,0.021027684Loimaa,0.02270459,0.036052894,0.06131487,0.031000499,0.022267964,0.021457085,0.039046906,0.04540918,0.047841817,0.055202097,0.05251996,0.051334832,0.06561876,0.07391467,0.08052645,0.08289671,0.078031436,0.04908932,0.037487525,0.046282437Pargas,0.023000592,0.040875338,0.06998751,0.036603797,0.022080569,0.021949137,0.03489518,0.03542091,0.04166393,0.055135705,0.06413879,0.06729316,0.07031609,0.07084182,0.073601894,0.082670696,0.07767628,0.044489715,0.03344943,0.033909444Marttila,0.023785926,0.049554013,0.06987116,0.026759168,0.021308227,0.019326065,0.03270565,0.03617443,0.048562933,0.0728444,0.062933594,0.056987114,0.06888008,0.07135778,0.06937562,0.079781964,0.0753221,0.053518336,0.028245788,0.03270565Masku,0.030039774,0.054008793,0.09189868,0.045007326,0.027423069,0.023131672,0.027527736,0.036424533,0.055369478,0.066673644,0.07912916,0.072011724,0.08069918,0.07086037,0.0589282,0.057776846,0.053904124,0.030667784,0.021038309,0.01747959Mynamaki,0.026010817,0.037857328,0.06644347,0.03425187,0.02266289,0.023693021,0.03669843,0.03875869,0.052021634,0.058073655,0.058073655,0.060906515,0.07442699,0.08086531,0.07223796,0.074298225,0.07223796,0.041462786,0.0341231,0.0348957Naantali,0.022031697,0.03850351,0.06942063,0.036061313,0.02312289,0.021667967,0.036113277,0.036684852,0.04427124,0.056793973,0.06567939,0.06651078,0.07872175,0.07789036,0.07752663,0.07950117,0.072226554,0.043855548,0.027695505,0.025720967Nousiainen,0.02810057,0.053877033,0.087259665,0.04352419,0.02725544,0.020916967,0.030002113,0.040566236,0.054933447,0.07204733,0.08535812,0.057468835,0.07162476,0.06613142,0.06718783,0.06444116,0.05091908,0.03148109,0.020705683,0.026199028Oripaa,0.02346041,0.044721406,0.07478006,0.049853373,0.025659824,0.021994134,0.03005865,0.044721406,0.049120236,0.05645161,0.053519063,0.06158358,0.0542522,0.07111437,0.07697947,0.066715546,0.069648094,0.035923753,0.04032258,0.049120236Paimio,0.03415805,0.05354505,0.07920975,0.03738922,0.021787297,0.020864107,0.033604138,0.04375923,0.06286927,0.07468612,0.06997784,0.062038403,0.06240768,0.064900294,0.06573117,0.06656204,0.06277696,0.033881094,0.023725998,0.026126292Pyharanta,0.020710059,0.040433925,0.06508876,0.026134122,0.025641026,0.018244576,0.039447732,0.03846154,0.042899407,0.057692308,0.051775146,0.058185406,0.081854045,0.07642998,0.07790927,0.09171598,0.07495069,0.044378698,0.03550296,0.03254438Poytya,0.027841114,0.051122043,0.0774031,0.0399616,0.022320893,0.02076083,0.032641307,0.04356174,0.05472219,0.05952238,0.06024241,0.0600024,0.067682706,0.07068282,0.06396256,0.07416297,0.06552262,0.04152166,0.03276131,0.033601344Raisio,0.027793862,0.04326247,0.065307304,0.031723052,0.022251634,0.022665232,0.046612624,0.05215485,0.060716353,0.062081233,0.061915793,0.060550913,0.07494416,0.07577136,0.07018778,0.06567954,0.060799073,0.037058484,0.031557616,0.026966663Rusko,0.03231483,0.05743081,0.08078708,0.040953446,0.02719565,0.02255639,0.031035034,0.037913933,0.0531115,0.08078708,0.07678772,0.0662294,0.08014718,0.06318989,0.06111022,0.06254999,0.053591426,0.028155494,0.023036314,0.021116622Salo,0.020355115,0.03589381,0.06827087,0.034135435,0.023757191,0.022075266,0.03899008,0.042602398,0.04866115,0.05544619,0.06372202,0.06393226,0.075419046,0.06911183,0.074042924,0.07717742,0.07289616,0.04564133,0.034441236,0.03342826Sauvo,0.023714095,0.040748164,0.07314629,0.039078157,0.023046093,0.017702071,0.024048096,0.036740147,0.042752173,0.056780227,0.06513026,0.06513026,0.08784235,0.07748831,0.0744823,0.08917835,0.07247829,0.034402136,0.026720107,0.029392118Somero,0.021069326,0.035342094,0.05890349,0.03590847,0.021409152,0.019143634,0.036474854,0.034775715,0.041458994,0.04712279,0.05210693,0.054485727,0.07464884,0.0724966,0.07963298,0.08948799,0.0753285,0.0574309,0.045536928,0.047236066Taivassalo,0.021058965,0.039711192,0.05956679,0.027075812,0.015643803,0.006016847,0.023465704,0.034897715,0.04993983,0.056558363,0.048134778,0.04753309,0.07039711,0.086040914,0.09326113,0.08483755,0.096269555,0.042719614,0.04452467,0.05234657Turku,0.02637837,0.035812285,0.050284587,0.023336522,0.016008906,0.022191908,0.102435045,0.098698065,0.07649048,0.066000804,0.058035553,0.050169602,0.057502445,0.055636566,0.055066872,0.057502445,0.05758084,0.035456877,0.026509034,0.028902791Uusikaupunki,0.021464968,0.036942676,0.0577707,0.028917197,0.016305732,0.017579617,0.045541402,0.060955413,0.054713376,0.052356686,0.058280256,0.05356688,0.067133754,0.075987265,0.07656051,0.080700636,0.07980892,0.04847134,0.03598726,0.030955413Vehmaa,0.022757111,0.040262584,0.059080962,0.026695842,0.019256018,0.023632385,0.036323853,0.0512035,0.04157549,0.05426696,0.057330415,0.06652079,0.064332604,0.077461705,0.079212256,0.08665208,0.06827133,0.047702406,0.031509846,0.04595186MK04 Satakunta,0.024567293,0.03922259,0.06300772,0.031382646,0.0205101,0.020898895,0.050122585,0.052185487,0.05388704,0.057020273,0.0566269,0.05538276,0.06747658,0.06974989,0.072302215,0.07744804,0.07164355,0.046381,0.03646443,0.033719994Eura,0.026898196,0.040347293,0.068522304,0.03719782,0.020769492,0.01847123,0.039155602,0.042390194,0.052093975,0.054988082,0.05481784,0.05983997,0.06656452,0.07201226,0.07099081,0.07941777,0.07507661,0.04613551,0.036857337,0.037453182Eurajoki,0.027818913,0.04580072,0.07943728,0.035434738,0.02104929,0.02020309,0.03469431,0.039348423,0.05119526,0.06769621,0.06727311,0.05955151,0.068753965,0.06515761,0.06462873,0.0810239,0.0716099,0.043579437,0.029299768,0.026443833Harjavalta,0.022228556,0.039612424,0.05813622,0.031632945,0.02108863,0.021658592,0.033342835,0.043887146,0.049159303,0.054288972,0.056568824,0.051439155,0.06583072,0.0676831,0.07480764,0.09019664,0.08335708,0.057708748,0.038899973,0.0384725Honkajoki,0.022208884,0.045018006,0.05462185,0.024609843,0.018607443,0.017406963,0.028211284,0.045018006,0.047418967,0.05102041,0.051620647,0.04021609,0.07082833,0.0972389,0.103241295,0.08643457,0.075630255,0.046818726,0.039015606,0.034813926Huittinen,0.024576355,0.03755822,0.062233675,0.030918641,0.020909721,0.020513328,0.0387474,0.04746804,0.05153107,0.055594094,0.050738283,0.053909425,0.07016153,0.07353087,0.07699931,0.07997225,0.07541373,0.050639182,0.041323952,0.037260927Jamijarvi,0.01768933,0.046987284,0.05859591,0.032614704,0.02045329,0.024875622,0.039248202,0.03758983,0.04090658,0.04532891,0.0525152,0.0525152,0.06744058,0.07628524,0.08457711,0.102266446,0.071862906,0.046987284,0.037037037,0.044223327Kankaanpaa,0.025891379,0.04044983,0.06032604,0.030075843,0.021619737,0.023276087,0.046203468,0.05169558,0.05239299,0.05169558,0.049690522,0.05169558,0.06860779,0.081248365,0.08351495,0.08290472,0.06913085,0.043413825,0.037049953,0.029116904Karvia,0.022594143,0.035983264,0.043514643,0.029707113,0.020502092,0.018410042,0.035146445,0.037656903,0.043514643,0.050627615,0.049372386,0.048535563,0.06485356,0.077824265,0.09288703,0.10209205,0.076150626,0.056066945,0.045188285,0.049372386Kokemaki,0.023387766,0.030999169,0.057708275,0.030999169,0.020343205,0.01632992,0.039717685,0.04386936,0.04608359,0.044422917,0.05563244,0.057985052,0.072792694,0.08012732,0.080404095,0.0828951,0.08303349,0.049820095,0.043315805,0.040132854Merikarvia,0.02375602,0.04141252,0.05104334,0.031460673,0.01894061,0.012520065,0.029213483,0.030497592,0.035955057,0.044301767,0.055858746,0.0423756,0.06452648,0.085072234,0.09117175,0.09277689,0.08571429,0.05682183,0.048796147,0.05778491Nakkila,0.019128196,0.042118814,0.06970756,0.037336767,0.025013795,0.022806695,0.035865366,0.043222364,0.04524554,0.055545337,0.059775613,0.062718414,0.06915578,0.06658083,0.07154681,0.07540923,0.077616334,0.052602537,0.034026116,0.03457789Pomarkku,0.023765145,0.041006524,0.0666356,0.032618824,0.027027028,0.022833178,0.02469711,0.029356943,0.041472506,0.05172414,0.050326187,0.055452004,0.06197577,0.07735322,0.08807083,0.08247903,0.07735322,0.05312209,0.04799627,0.04473439Pori,0.024631826,0.03828063,0.061478857,0.030176653,0.019774178,0.021800173,0.06215419,0.06042439,0.058647204,0.058433942,0.055460114,0.05463076,0.06646683,0.066075854,0.06797152,0.07253297,0.06875348,0.04523536,0.034785494,0.032285582Rauma,0.024796749,0.038643293,0.06272866,0.029827235,0.018978659,0.021214431,0.055462398,0.057190042,0.05645325,0.05988313,0.061814025,0.055843495,0.066006094,0.068368904,0.06999492,0.0749746,0.06714939,0.043191057,0.03467988,0.032799795Siikainen,0.016460905,0.03429355,0.049382716,0.03223594,0.021947874,0.017832648,0.029492455,0.021262003,0.03155007,0.03840878,0.041152265,0.061728396,0.08573388,0.07201646,0.09465021,0.10699589,0.07887517,0.05898491,0.062414266,0.04458162Sakyla,0.021876376,0.033622082,0.058581706,0.030392013,0.020261342,0.019380415,0.037439436,0.040375862,0.045074146,0.048157394,0.049478784,0.05696667,0.07752166,0.07752166,0.08427544,0.08280722,0.084862724,0.05006607,0.04022904,0.041109968Ulvila,0.026265264,0.04607941,0.07395745,0.03601874,0.025420474,0.01950695,0.035327546,0.04293065,0.050456952,0.0623608,0.06159281,0.058981646,0.066891946,0.067506336,0.06973351,0.07687581,0.071653485,0.045541815,0.03747792,0.025420474MK05 Kanta-Hame,0.024369178,0.039652437,0.068573326,0.034388788,0.021830723,0.02191242,0.04645083,0.050063025,0.053430125,0.05898555,0.06152984,0.059318177,0.06978712,0.07173619,0.07149109,0.07343433,0.06829906,0.042185057,0.031745292,0.030817442Forssa,0.020436928,0.030185577,0.055731736,0.028599953,0.019556025,0.023138361,0.04721635,0.050211415,0.04927179,0.0554381,0.054263566,0.04997651,0.065069295,0.069767445,0.08116044,0.08268734,0.08650458,0.051385954,0.041754756,0.03764388Hattula,0.0283905,0.04506596,0.07873351,0.038311347,0.02353562,0.024274407,0.03292876,0.04137203,0.053614777,0.06469657,0.06617414,0.06269129,0.0707124,0.07282322,0.074934036,0.06817942,0.06543536,0.039472297,0.02596306,0.022691293Hausjarvi,0.02352382,0.05096828,0.08423429,0.04003802,0.023880241,0.019009149,0.028038494,0.029226566,0.048948556,0.068789355,0.07128431,0.06831413,0.079125576,0.083640255,0.0744921,0.06605679,0.060829274,0.032196745,0.023286207,0.024117857Humppila,0.019686801,0.034899328,0.06800895,0.03624161,0.022818793,0.017449664,0.03668904,0.029530201,0.03982103,0.062192395,0.06308725,0.04787472,0.069798656,0.08456376,0.08903803,0.101118565,0.06621924,0.038926173,0.029530201,0.042505592Hameenlinna,0.024862288,0.039507195,0.06391044,0.03176272,0.019901676,0.022152461,0.053559795,0.05727655,0.057780016,0.057854053,0.059379257,0.056121543,0.066709116,0.06841201,0.067849316,0.07261743,0.06987798,0.044734348,0.032399453,0.033332348Janakkala,0.026022984,0.042135343,0.07393446,0.03757524,0.02450295,0.021098072,0.036906425,0.04420259,0.051985163,0.058247704,0.06335502,0.06791512,0.07369125,0.07265763,0.068583935,0.07204961,0.06359822,0.04377698,0.031555906,0.026205387Jokioinen,0.02001925,0.038306065,0.07083734,0.040615976,0.027333975,0.021174205,0.034071222,0.035803657,0.041193455,0.05274302,0.06737247,0.06448508,0.07641964,0.0746872,0.078537054,0.08681425,0.066987485,0.036766123,0.032723773,0.03310876Loppi,0.023533901,0.04108892,0.08052411,0.04515965,0.025060425,0.020226434,0.025187636,0.030530468,0.042106602,0.05889836,0.0680575,0.062460247,0.080778524,0.07721664,0.071619384,0.07619896,0.06869355,0.043505915,0.034219567,0.024933215Riihimaki,0.025542874,0.040993877,0.07210468,0.03459076,0.022376115,0.022515312,0.055818487,0.05835885,0.057280067,0.0626392,0.064483576,0.060516424,0.0701211,0.06879872,0.06904232,0.06604955,0.059820436,0.03514755,0.027178451,0.026621658Tammela,0.023186976,0.034040455,0.07284986,0.037329387,0.025324782,0.020884722,0.03601381,0.035520475,0.041276105,0.04982733,0.054102942,0.07120539,0.06972537,0.08945897,0.080085516,0.07992107,0.0684098,0.039960533,0.034862686,0.03601381Ypaja,0.019516334,0.033517182,0.062367417,0.03182011,0.021213407,0.019516334,0.044123888,0.044972423,0.04624523,0.05430632,0.05642766,0.05642766,0.07254985,0.08103521,0.07679253,0.09546033,0.06915571,0.040305473,0.034789987,0.039456937MK06 Pirkanmaa,0.027674507,0.043671556,0.06716819,0.031747542,0.02039818,0.021551365,0.06444442,0.068917386,0.06690805,0.067003176,0.06361351,0.057010844,0.06306992,0.06238849,0.061107174,0.06266611,0.0587115,0.037035886,0.02775022,0.02716198Akaa,0.022816205,0.04599362,0.07958581,0.040876526,0.02474264,0.018662332,0.03431461,0.037806273,0.051291313,0.06796701,0.07422792,0.06628138,0.07248209,0.06393354,0.07049546,0.07169948,0.06303052,0.037264463,0.026849678,0.029679129Hameenkyro,0.028449096,0.048810657,0.071836345,0.03815414,0.026926737,0.021693625,0.03244529,0.04100856,0.05280685,0.06336822,0.058039963,0.06850618,0.07240723,0.076117985,0.06841104,0.07069457,0.06184586,0.039295908,0.030161751,0.029019982Ikaalinen,0.023132943,0.038554907,0.06168785,0.030129945,0.01727831,0.021419391,0.03555619,0.043838356,0.04255319,0.05240611,0.054833643,0.050978154,0.07254034,0.06739969,0.079965726,0.09424532,0.0845352,0.053976867,0.03741254,0.037555333Juupajoki,0.01910828,0.04511677,0.062632695,0.040339705,0.021231422,0.012738854,0.028131634,0.033970278,0.0477707,0.05254777,0.057855625,0.04883227,0.06528662,0.07324841,0.083864115,0.10031847,0.07059448,0.05414013,0.041932058,0.040339705Kangasala,0.03156964,0.051805783,0.08444879,0.041166812,0.024498044,0.020772824,0.038483396,0.045775983,0.055025887,0.06787473,0.07475691,0.06964263,0.06954792,0.066075265,0.05925622,0.06020331,0.055373155,0.036715493,0.025539842,0.021467358Kihnio,0.014136125,0.042408377,0.054973822,0.029319372,0.021989528,0.013612566,0.02827225,0.032460734,0.043979056,0.053403143,0.043455496,0.043979056,0.071204185,0.09057592,0.108376965,0.08900524,0.07643979,0.05549738,0.039267015,0.04764398Lempaala,0.03499095,0.06360424,0.10286133,0.043695595,0.026717229,0.023312936,0.03499095,0.045203827,0.060717057,0.07795398,0.078902006,0.06864604,0.06377661,0.05946738,0.051452212,0.053606827,0.04675515,0.028785659,0.01719383,0.017366199Mantta-Vilppula,0.016027246,0.029850746,0.05268957,0.027647,0.023339678,0.019533206,0.032655515,0.036562156,0.03796454,0.04567765,0.05569468,0.05439247,0.06661324,0.07352499,0.09165581,0.09806671,0.089452066,0.05509366,0.047580887,0.045978162Nokia,0.027559876,0.05163003,0.085364036,0.039251946,0.022668296,0.021773497,0.038506277,0.045157634,0.058042772,0.072985955,0.076505505,0.06752767,0.067438185,0.06311331,0.062099203,0.06305366,0.056581262,0.0327199,0.0249053,0.023115698Orivesi,0.023316342,0.04001735,0.066587135,0.033076674,0.020713588,0.019303763,0.031883743,0.03849908,0.045981996,0.05736905,0.05379026,0.05444095,0.07135885,0.07396161,0.08209522,0.07688971,0.079384014,0.05270578,0.039258216,0.039366663Parkano,0.021950843,0.033390015,0.06090586,0.032926265,0.019013759,0.019632092,0.038336683,0.036636267,0.0456021,0.047302518,0.045292936,0.05147627,0.07141753,0.070799194,0.087030455,0.09445046,0.084557116,0.057968773,0.041582935,0.039727934Pirkkala,0.033353984,0.05669145,0.08684428,0.042544402,0.023234202,0.02354399,0.038672037,0.049153242,0.0639715,0.07429781,0.07992565,0.067172654,0.06856671,0.061751343,0.05369682,0.052819084,0.054574557,0.032424618,0.020497728,0.016263941Punkalaidun,0.022099448,0.028660221,0.057320442,0.03418508,0.019337017,0.017265193,0.032458562,0.03763812,0.03901934,0.04109116,0.042127073,0.058701657,0.07009669,0.079074584,0.08598066,0.08839779,0.07872928,0.055939227,0.05179558,0.06008287Palkane,0.022311125,0.03554393,0.06724112,0.03662102,0.023695953,0.01877212,0.027850438,0.03477458,0.04339129,0.049084473,0.058008924,0.057085704,0.07662717,0.082012616,0.07878135,0.08339745,0.07339591,0.05231574,0.041852593,0.037236497Ruovesi,0.017962711,0.029104138,0.05388813,0.029331515,0.019326966,0.017735334,0.027512506,0.029104138,0.035698045,0.04001819,0.051159617,0.047521602,0.07230559,0.07844475,0.095043205,0.09618008,0.09163256,0.061618917,0.054570258,0.051841747Sastamala,0.024299217,0.03813233,0.065595716,0.033304937,0.022027504,0.022676565,0.03788893,0.04064744,0.0487607,0.05281733,0.055413574,0.055738103,0.06928725,0.07334388,0.07569673,0.08401282,0.07245142,0.047138046,0.039836112,0.040931404Tampere,0.02783977,0.03871807,0.05378785,0.024098895,0.01660014,0.022079673,0.09823201,0.1005233,0.083328016,0.071153164,0.05864674,0.049889687,0.056155656,0.056155656,0.053592306,0.053843115,0.052291498,0.03329805,0.024944844,0.024821565Urjala,0.021911519,0.034849748,0.057595994,0.028380634,0.019198664,0.02003339,0.027754592,0.030467445,0.0475793,0.047370616,0.06051753,0.0586394,0.06573456,0.08013356,0.08242905,0.08639399,0.08472454,0.054048415,0.045075126,0.047161937Valkeakoski,0.024128307,0.042579364,0.07181719,0.03434735,0.021478923,0.022235889,0.04551261,0.042532053,0.052987654,0.059043385,0.06656574,0.062402423,0.063869044,0.061598144,0.06448408,0.07801486,0.07555471,0.04362019,0.033069972,0.03415811Vesilahti,0.029820168,0.051217847,0.094696105,0.052128386,0.031868882,0.023446392,0.02708855,0.027316185,0.04848623,0.061916687,0.07807876,0.0796722,0.07739586,0.07147735,0.06168905,0.059640337,0.045754608,0.030275438,0.021397678,0.02663328Virrat,0.018400356,0.030271554,0.05505268,0.029974774,0.020032646,0.018400356,0.031161893,0.03279418,0.04080724,0.038433,0.04807835,0.05386556,0.068110995,0.07760795,0.08398872,0.09452441,0.09496958,0.056684967,0.05193649,0.05490429Ylojarvi,0.03477549,0.059636783,0.0920171,0.04332535,0.027074553,0.020677319,0.03416912,0.048115697,0.059363917,0.0713701,0.074007824,0.0635782,0.06964194,0.06621593,0.060212836,0.055149622,0.050632145,0.03116757,0.021162417,0.01770609MK07 Paijat-Hame,0.024278644,0.038563717,0.062623054,0.032104034,0.020879334,0.021791466,0.050835125,0.054618225,0.054015122,0.05714528,0.05865553,0.057259917,0.06857433,0.06893819,0.07074252,0.0778053,0.07290073,0.045566693,0.03337005,0.029332748Asikkala,0.01987974,0.034728188,0.06258436,0.032151185,0.021597741,0.02012517,0.02540189,0.03006504,0.037673336,0.053994354,0.055221498,0.057062216,0.068842806,0.07326052,0.085041106,0.10013498,0.09044054,0.054607928,0.042213768,0.034973618Hartola,0.01438849,0.025179856,0.039568346,0.024820143,0.015827337,0.020143885,0.02733813,0.02589928,0.033093527,0.02877698,0.03884892,0.05323741,0.08417266,0.092446044,0.10143885,0.10683453,0.102517985,0.06366906,0.048920862,0.052877698Hollola,0.02504025,0.046818066,0.07846793,0.043809846,0.025591051,0.020633845,0.028980594,0.037242606,0.0484281,0.060037285,0.06575714,0.065418184,0.073764935,0.06957038,0.072578594,0.0736802,0.06808745,0.04177612,0.02995509,0.024362342Heinola,0.01778813,0.028270422,0.05018794,0.030229233,0.01889989,0.01837048,0.039970353,0.03621155,0.038646832,0.043570332,0.050029118,0.056011435,0.07295251,0.083540685,0.08729949,0.09603473,0.09026417,0.059717298,0.04341151,0.038593892Karkola,0.020894181,0.035722308,0.065603234,0.03212761,0.021343518,0.018422827,0.03886767,0.04044035,0.039317008,0.05347113,0.062233206,0.06178387,0.08200404,0.08649742,0.07683667,0.083801396,0.07953269,0.043136373,0.030330263,0.027634239Lahti,0.026119,0.039082624,0.061625164,0.029545398,0.020316629,0.023659661,0.062842324,0.06701903,0.061750215,0.06109995,0.059149154,0.055439305,0.06509325,0.06355929,0.06465974,0.0720711,0.06773599,0.04255071,0.030337388,0.02634409Orimattila,0.025915109,0.04598844,0.07314648,0.039463054,0.022372754,0.018457523,0.034988504,0.043005407,0.048039276,0.05767199,0.067242555,0.06388664,0.073395066,0.07383009,0.067118265,0.07563234,0.06960413,0.03896588,0.03163259,0.0296439Padasjoki,0.015524806,0.022612218,0.04893689,0.028349645,0.017212285,0.014849815,0.034087073,0.022949712,0.032399595,0.036449544,0.041511983,0.045899425,0.06547418,0.08504894,0.09854877,0.106986165,0.10057374,0.070199125,0.053999323,0.05838677Sysma,0.014122035,0.024247268,0.036770582,0.026378896,0.017319478,0.015187849,0.027178258,0.026378896,0.030375699,0.027178258,0.036237676,0.049027443,0.07887024,0.082067676,0.102851056,0.10444977,0.10524914,0.07327472,0.06528111,0.05755396MK08 Kymenlaakso,0.021529749,0.035827164,0.05836621,0.030792212,0.020364732,0.020728078,0.045331858,0.04908644,0.051018525,0.055378687,0.0572877,0.05771449,0.070668094,0.074889846,0.07698918,0.07986712,0.07543775,0.047915656,0.035042793,0.035763722Hamina,0.01863354,0.034457263,0.05890762,0.030710835,0.02144336,0.019520853,0.036823425,0.04145716,0.04648526,0.054964013,0.05984423,0.058266785,0.07325249,0.07956226,0.07660455,0.081189,0.07906931,0.05397811,0.03716849,0.03766144Iitti,0.023798965,0.040206946,0.059127863,0.032224685,0.018329637,0.019512195,0.032076865,0.036954913,0.04715447,0.04907613,0.053510718,0.049815226,0.07228381,0.079970434,0.08765706,0.08943089,0.07538803,0.05306726,0.038285293,0.042128604Kotka,0.022426866,0.03541781,0.05812832,0.029896187,0.0205359,0.02163266,0.055008225,0.053230718,0.053930376,0.057315204,0.05831742,0.059451997,0.068150446,0.07004141,0.073464066,0.075563036,0.0762816,0.044721365,0.03248681,0.033999585Kouvola,0.021784868,0.03601957,0.057636127,0.030873919,0.020318117,0.02113565,0.044531543,0.051648892,0.05205766,0.054341946,0.05559229,0.05651803,0.07065655,0.07601861,0.07782199,0.08100797,0.07322938,0.04768145,0.03563485,0.03549058Miehikkala,0.013402062,0.02113402,0.049484536,0.02886598,0.022680413,0.018041236,0.035051547,0.029381443,0.024742268,0.040206186,0.052061856,0.070618555,0.08402062,0.065979384,0.07938144,0.10412371,0.09123711,0.066494845,0.053092785,0.05Pyhtaa,0.023713129,0.04607673,0.073067285,0.0335454,0.020242915,0.01696549,0.025255445,0.030267978,0.045305572,0.067669176,0.07056102,0.060921535,0.07788703,0.07711586,0.07576634,0.072874494,0.077308655,0.043184884,0.030267978,0.032003086Virolahti,0.014920635,0.029206349,0.057777777,0.037777778,0.014920635,0.013015873,0.026666667,0.03015873,0.037777778,0.055555556,0.057777777,0.06031746,0.073015876,0.08730159,0.09428571,0.08952381,0.08349206,0.053968254,0.038412698,0.044126984MK09 South Karelia,0.021754326,0.035462424,0.05885551,0.02895399,0.019820435,0.0202942,0.056929387,0.05256454,0.05201311,0.05505763,0.056952685,0.056424554,0.06810556,0.07302961,0.07608966,0.07803132,0.06921619,0.04802883,0.03676722,0.035648823Imatra,0.020347541,0.03156097,0.054284867,0.029221743,0.019159364,0.019233625,0.044927966,0.047081538,0.047118668,0.052242685,0.056846872,0.058109313,0.06898856,0.07971929,0.075560674,0.082764,0.07652607,0.054433387,0.044890836,0.03698203Lappeenranta,0.023686709,0.03814358,0.060647327,0.028624877,0.020454202,0.022256153,0.07405879,0.063027,0.059794497,0.06089492,0.058639046,0.055777933,0.06536541,0.06515908,0.07037236,0.06949201,0.06081239,0.04206385,0.029780326,0.030949531Lemi,0.027604338,0.049622085,0.07886954,0.033848178,0.022674993,0.019717384,0.026947092,0.04140651,0.04140651,0.05882353,0.061123893,0.060466643,0.07328294,0.0768978,0.075254686,0.07656918,0.062438384,0.046664476,0.032533683,0.033848178Luumaki,0.01866152,0.028099528,0.058558557,0.02917203,0.020806521,0.017160017,0.027241528,0.02960103,0.041613042,0.03946804,0.04890605,0.056628056,0.07378808,0.08429858,0.09180609,0.0990991,0.08301158,0.055126555,0.04890605,0.04804805Parikkala,0.01858736,0.028087568,0.042544402,0.020859148,0.015489467,0.013011153,0.02354399,0.030978935,0.034283355,0.035935562,0.04006609,0.0503924,0.07290376,0.09252375,0.09706733,0.11007848,0.10181743,0.06836018,0.053283766,0.050185874Rautjarvi,0.013493253,0.023088455,0.04467766,0.022488756,0.013493253,0.017991005,0.027286356,0.025187407,0.029985007,0.03808096,0.044977512,0.055772115,0.06866567,0.09865067,0.105847076,0.11124438,0.09265368,0.060569715,0.052473765,0.053373314Ruokolahti,0.015885469,0.028436948,0.0627574,0.031770937,0.016473819,0.013139831,0.023730144,0.028633066,0.03647774,0.04216513,0.0580506,0.05981565,0.07746617,0.08197686,0.08962542,0.094332226,0.083349675,0.054912727,0.04844087,0.052559324Savitaipale,0.011373579,0.031787694,0.050452027,0.02741324,0.017206183,0.016331293,0.027996501,0.032079324,0.035287257,0.038203556,0.045494314,0.050160397,0.06824147,0.08836395,0.08311461,0.093030035,0.09040537,0.070574515,0.060950715,0.061533976Taipalsaari,0.022269353,0.04114528,0.07338282,0.040084835,0.02545069,0.019300107,0.022269353,0.034782607,0.039872747,0.051961824,0.06977731,0.06150583,0.080805935,0.0835631,0.089925766,0.07783669,0.06702015,0.04369035,0.030540828,0.024814421MK10 South Savo,0.020537289,0.032486256,0.05527089,0.029568164,0.019928776,0.020274522,0.045742143,0.044919267,0.047740553,0.047519274,0.049815025,0.052235246,0.06862359,0.078470424,0.08601459,0.088483214,0.07923106,0.052781522,0.04173841,0.038619783Enonkoski,0.015658364,0.034163702,0.05053381,0.02846975,0.014234875,0.012811388,0.02633452,0.035587188,0.038434163,0.05053381,0.04483986,0.046263345,0.06690391,0.076868325,0.079715304,0.11103203,0.098932385,0.059074733,0.059074733,0.05053381Heinavesi,0.011414839,0.024331631,0.050465606,0.030940222,0.01772304,0.012616402,0.020426555,0.027635926,0.025533194,0.039651547,0.043256234,0.051066387,0.07179333,0.09432262,0.10153199,0.10093121,0.09972965,0.06788825,0.054971464,0.0537699Hirvensalmi,0.019981412,0.02648699,0.046003718,0.020446097,0.016728625,0.02184015,0.027881041,0.022769516,0.038568772,0.032063197,0.040892195,0.056226768,0.07016729,0.09618959,0.109200746,0.10780669,0.08921933,0.059479553,0.046468403,0.051579926Joroinen,0.023690773,0.033665836,0.06192851,0.034912717,0.019534497,0.01475478,0.024937656,0.039068993,0.044679966,0.049667496,0.05091438,0.061512884,0.07003325,0.08624273,0.092684954,0.090606816,0.08229426,0.049459685,0.037614297,0.031795513Juva,0.019598393,0.029718876,0.05188755,0.028915662,0.021044176,0.016706828,0.032128513,0.032289155,0.040803213,0.04385542,0.044819277,0.04819277,0.06939759,0.08626506,0.09317269,0.09815261,0.083373494,0.06313253,0.050281126,0.046265062Kangasniemi,0.016140865,0.031548057,0.05465884,0.027696257,0.01540719,0.016140865,0.029713867,0.033198826,0.038151138,0.04090242,0.04310345,0.045121055,0.07721937,0.084556125,0.08382245,0.10344828,0.09611152,0.06309611,0.05172414,0.04823918Mikkeli,0.024044,0.037087962,0.060295813,0.03069605,0.02029061,0.022353116,0.063547514,0.056412354,0.05669107,0.054052547,0.055111673,0.0536066,0.065647185,0.06971645,0.07387863,0.077056006,0.068192795,0.045728195,0.03392917,0.03166227Mantyharju,0.018906144,0.0312289,0.050810263,0.030384876,0.018906144,0.016205266,0.03359217,0.029372046,0.03612424,0.040006753,0.04338285,0.0486158,0.06802836,0.08490884,0.09503714,0.10820392,0.08946658,0.062288992,0.050979067,0.043551654Pertunmaa,0.014010508,0.021599533,0.05429072,0.033858728,0.014594279,0.014594279,0.023934618,0.026269702,0.026853474,0.043782838,0.047869235,0.062463515,0.07530648,0.087565675,0.0951547,0.10449504,0.08814944,0.06538237,0.04962055,0.05020432Pieksamaki,0.019405564,0.030502426,0.052696146,0.02682206,0.020297775,0.021189986,0.03669213,0.043885574,0.04884849,0.044220153,0.047844756,0.047287125,0.0718229,0.0843696,0.09708359,0.09022473,0.077678025,0.054647855,0.044443205,0.04003792Puumala,0.008648156,0.016385982,0.034592625,0.0295858,0.01411015,0.010923987,0.031406462,0.032316796,0.028675467,0.033682294,0.036868457,0.04733728,0.066909425,0.0860264,0.1156122,0.12016386,0.119708695,0.059626766,0.05416477,0.053254437Rantasalmi,0.01992032,0.031587932,0.047524188,0.027319293,0.0213432,0.015082527,0.027034719,0.040694367,0.033010814,0.03955606,0.04325555,0.054069437,0.073136024,0.091918044,0.0996016,0.10017075,0.089356855,0.053500284,0.044393852,0.047524188Savonlinna,0.019219898,0.030555474,0.054178692,0.029305883,0.021213293,0.022016602,0.041712534,0.041296005,0.046383623,0.04647288,0.04947785,0.053702656,0.069084525,0.07845646,0.08842343,0.08892922,0.08285978,0.05373241,0.043467913,0.039510876Sulkava,0.011857707,0.021343874,0.034782607,0.028853755,0.018181818,0.016205534,0.033201583,0.03596838,0.031620555,0.030039527,0.03596838,0.05098814,0.06758893,0.0944664,0.09960474,0.10711463,0.09881423,0.0687747,0.058498025,0.056126483MK11 North Savo,0.025097515,0.039726876,0.062128972,0.031331178,0.0212824,0.02170585,0.057442527,0.058802452,0.05776826,0.057593178,0.05351748,0.053004455,0.066204675,0.07328116,0.075793356,0.0754717,0.06416071,0.041705687,0.03270739,0.031274177Iisalmi,0.02635991,0.04061103,0.06548063,0.031389717,0.021097243,0.02328614,0.049366616,0.048761178,0.055933308,0.058168776,0.052580103,0.04918033,0.0638506,0.07451565,0.08504099,0.08075634,0.06683122,0.040890463,0.03264717,0.033252608Kaavi,0.014715719,0.03244147,0.051505018,0.03444816,0.019063545,0.01605351,0.03210702,0.029431438,0.038795985,0.040468227,0.039799333,0.06020067,0.074916385,0.08428094,0.09498328,0.0909699,0.08829431,0.068227425,0.04682274,0.042474918Keitele,0.023172906,0.028074866,0.045454547,0.028520498,0.016488414,0.020053476,0.027183602,0.034313727,0.035650622,0.048573975,0.042335115,0.045454547,0.063725494,0.07976827,0.12032086,0.10918003,0.08957219,0.04946524,0.04812834,0.04456328Kiuruvesi,0.02551208,0.037532195,0.06022323,0.032258064,0.020851221,0.01999264,0.04023059,0.043051638,0.04427818,0.04746719,0.046608612,0.050042927,0.06819575,0.08009322,0.08916963,0.0838955,0.07543235,0.047712497,0.041579787,0.045872685Kuopio,0.026941616,0.04139419,0.059824377,0.030152364,0.020477988,0.02331794,0.078886606,0.07742028,0.067990296,0.061341267,0.05575406,0.052189376,0.0633048,0.067172855,0.06543686,0.06485539,0.05614171,0.035267647,0.026503405,0.02562698Lapinlahti,0.021316418,0.038369555,0.071228035,0.035146095,0.023292087,0.021108454,0.033586357,0.04096912,0.051575337,0.05750234,0.05095144,0.05427888,0.068940416,0.077986896,0.08526567,0.089320995,0.06592493,0.042424873,0.036913797,0.033898305Leppavirta,0.020518135,0.033471502,0.06176166,0.030051814,0.022279793,0.018445596,0.02880829,0.035233162,0.041450776,0.0519171,0.052331608,0.05533679,0.07512953,0.0880829,0.08787565,0.084974095,0.0761658,0.05150259,0.045803107,0.038860105Pielavesi,0.01956425,0.03245887,0.06803024,0.035349045,0.017563362,0.015562472,0.031124944,0.027567808,0.037127614,0.041796353,0.035571367,0.045798134,0.06247221,0.080035575,0.09848822,0.10404624,0.084926635,0.06291685,0.049132947,0.050466873Rautalampi,0.017834794,0.030976221,0.060387984,0.034105133,0.02221527,0.023153942,0.02503129,0.031602003,0.03629537,0.05100125,0.04255319,0.051939923,0.07571965,0.07697121,0.07884856,0.10450563,0.08979975,0.05663329,0.047559448,0.04286608Rautavaara,0.011508177,0.023622047,0.04845548,0.023622047,0.018170806,0.013930951,0.023622047,0.029073289,0.038764384,0.029073289,0.03270745,0.047244094,0.08237432,0.09569958,0.09085403,0.12113871,0.08903695,0.064203516,0.069654755,0.047244094Siilinjarvi,0.032158345,0.054766078,0.08646304,0.040186398,0.028236596,0.022238627,0.03631079,0.04438498,0.05965673,0.06920735,0.062978685,0.06104088,0.07063763,0.06902279,0.06510104,0.06274799,0.05365876,0.036679894,0.025329888,0.019193504Sonkajarvi,0.020922612,0.028737081,0.05873456,0.026972523,0.02142677,0.013360222,0.032518275,0.033526596,0.041341063,0.04360978,0.04613058,0.047643054,0.07234686,0.090748675,0.10461306,0.09251323,0.08419461,0.048903454,0.048147213,0.04360978Suonenjoki,0.022673199,0.03736879,0.057522744,0.031490553,0.019034289,0.019174248,0.032610215,0.03890833,0.046186145,0.05276417,0.057942618,0.05276417,0.06424073,0.08103569,0.078656405,0.090692796,0.075717285,0.057382785,0.040447865,0.043386985Tervo,0.0185067,0.02616464